Иван;Велчев;Младенов;M;9.12.2015;186;България;София;Възраждане;1003;Македония;27;;
2016;10;831.17;2016;9;629.10;2016;8;984.96;2016;6;1265.14;2016;4;1537.37;2016;3;1077.11;2015;12;1446.54;2015;11;694.38;2015;10;1514.02;2015;9;740.15;2015;8;1280.02;2015;7;1475.77;2015;5;889.56;2015;4;688.80;2015;3;1469.96;2015;1;844.00;2014;7;659.75;2014;5;903.76;2014;3;719.76;2013;12;866.47
Радка;Груева;Вълчева;F;14.6.2009;156;България;София;Слатина;1007;Калиакра;128;;;P;ОМГ Пловдив;15.9.2015;15.6.2022
2016;11;1268.73;2016;10;922.38;2016;7;654.83;2016;4;753.23;2016;3;1056.90;2016;1;843.41;2015;11;1035.14;2015;10;604.70;2015;7;1060.75;2015;6;1121.45;2015;4;867.06;2015;3;956.02;2015;2;1220.17;2015;1;1520.43;2014;12;1111.30;2014;11;769.62;2014;9;977.70;2014;7;1047.43;2014;4;1317.39;2014;3;1275.33;2013;12;1272.62
Стоянка;Добрева;Желева;F;10.11.1989;150;България;София;Средец;1001;Македония;80;3;41;P;СОУ Гео Милев;15.9.1995;15.6.2002;S;СМГ;15.9.2002;30.6.2007;3.828;B;Западен Университет;1.10.2011;1.6.2015;5.041
2016;11;1540.54;2016;9;1012.69;2016;2;1144.49;2016;1;1471.85;2015;12;867.49;2015;5;1477.71;2015;3;1367.29;2015;1;693.05;2014;10;1457.27;2014;6;737.56;2014;1;1496.64
Петър;Чакъров;Симеонов;M;16.9.1944;203;България;София;Лозенец;1009;3-ти март;152;;;P;СОУ Леда Милева;15.9.1950;15.6.1957;S;СОУ Леда Милева;15.9.1957;30.6.1962;3.237
2016;11;707.39;2016;10;659.69;2016;9;782.64;2016;8;1346.39;2016;7;963.08;2016;5;917.18;2016;4;1006.81;2015;11;870.54;2015;10;1544.80;2015;8;861.18;2015;7;1387.69;2015;6;1460.37;2015;3;631.88;2014;11;658.75;2014;9;1268.72;2014;8;751.56;2014;5;921.58;2014;2;1413.86;2014;1;983.69;2013;12;1421.27
Ангел;Панайотов;Георгиев;M;26.1.2010;142;България;София;Красно село;1002;Алабин;30;3;48
2016;11;1124.59;2016;9;1025.61;2016;8;1202.11;2016;6;1420.19;2016;1;976.36;2015;12;1400.11;2015;7;1098.40;2015;5;770.42;2014;12;611.05;2014;11;914.66;2014;10;850.09;2014;8;784.51;2014;5;1432.01;2014;2;700.77
Даниела;Гоцева;Христова;F;4.2.1957;202;България;София;Илинден;1012;Васил Левски;55;11;73;P;СОУ Добри Чинтулов;15.9.1963;15.6.1970;S;НПМГ;15.9.1970;30.6.1975;5.581;B;Свищовска академия;1.10.1976;1.6.1980;5.074
2016;11;1452.23;2016;9;1062.12;2016;8;656.53;2016;5;1085.63;2016;4;1239.90;2016;1;1390.65;2015;12;930.83;2015;11;1050.68;2015;9;1038.91;2015;7;1162.40;2015;6;1546.26;2015;5;1350.91;2015;3;1471.79;2015;2;726.41;2014;12;883.63;2014;9;1347.74;2014;8;1036.39;2014;7;965.34;2014;6;1452.88;2014;4;1480.18;2014;3;1019.59
Красимир;Младенов;Драганов ;M;1.11.1989;168;България;София;Красна поляна;1011;Мария Луиза;86;;;P;СМГ;15.9.1995;15.6.2002;S;СОУ П.Р. Славейков;15.9.2002;30.6.2007;3.599;B;Софийски Университет;1.10.2008;1.6.2012;3.863
2016;10;977.31;2016;8;1181.93;2016;7;1506.70;2016;6;1072.45;2016;4;1141.25;2015;11;1132.42;2015;9;1439.14;2015;4;1556.44;2015;3;905.43;2015;2;706.99;2015;1;1024.56;2014;12;1420.34;2014;10;783.11;2014;8;748.10;2014;6;1268.47;2014;5;1457.90;2014;1;732.78
Кирил;Дянков;Карастоянов;M;24.8.1970;191;България;София;Средец;1001;Ак. Кирил Попов;95;;;P;СМГ;15.9.1976;15.6.1983;S;МГ "Д-р П. Берон";15.9.1983;30.6.1988;5.404;B;ИУ-Варна;1.10.1989;1.6.1993;5.242
2016;9;1348.46;2016;8;648.28;2016;7;1583.76;2016;1;1370.20;2015;12;1435.40;2015;10;1189.05;2015;7;904.76;2015;6;1346.29;2015;2;1302.65;2014;12;997.12;2014;10;723.79;2014;9;1281.54;2014;8;816.33;2014;7;1565.53;2014;5;1467.06;2014;4;600.33;2014;2;870.66;2014;1;654.21
Кирил;Трифонов;Михайлов;M;20.5.1991;144;България;София;Сердика;1005;Никола Въпцаров;132;7;62;P;СОУ Гео Милев;15.9.1997;15.6.2004;S;СОУ Добри Чинтулов;15.9.2004;30.6.2009;5.923;B;ТУ-София;1.10.2016;1.6.2020
2016;9;1209.48;2016;8;1489.21;2016;5;1323.59;2016;2;1139.71;2015;12;1201.13;2015;10;854.88;2015;9;1534.43;2015;8;1426.64;2015;6;608.37;2015;5;1331.74;2015;4;654.99;2015;3;1351.41;2015;2;748.54;2014;11;1140.58;2014;10;1524.98;2014;7;1575.21;2014;4;1386.76;2014;3;1000.58;2013;12;877.83
Иван;Тошев;Бояджиев;M;14.1.1963;178;България;София;Студентски;1016;Вечерница;41;1;36;P;СОУ Добри Чинтулов;15.9.1969;15.6.1976;S;ОМГ Пловдив;15.9.1976;30.6.1981;5.742;B;Свищовска академия;1.10.1982;1.6.1986;4.446
2016;11;1469.15;2016;7;1285.05;2016;6;1219.16;2016;5;657.12;2016;3;939.13;2016;2;1566.88;2016;1;1414.49;2015;12;1197.79;2015;10;1091.33;2015;9;1205.61;2015;8;627.76;2015;7;996.62;2015;6;1147.66;2015;4;1077.32;2015;3;1587.62;2015;1;1118.67;2014;11;752.13;2014;9;1304.72;2014;3;1575.50
